301
583
-173
758
444
-19
394
730
-273
298
-2
448
-168
531
-64
155
256
631
33
-333
522
-253
-385
700
-265
503
-69
-236
-125
-416
314
268
600
573
224
242
646
711
-169
-429
207
-79
112
131
-350
480
719
-1
309
-390
-242
29
684
-195
-72
511
740
-49
707
708
-33
219
174
-235
-10
-403
100
-166
400
23
732
699
376
42
29
458
-280
-394
549
121
-352
739
583
424
636
-291
134
575
-248
-301
481
151
351
747
9
433
436
201
360
34
656
290
-68
230
424
53
-114
236
-249
-366
789
725
465
570
348
300
371
574
-267
555
705
306
799
-86
251
6
780
-114
639
-2
352
493
380
376
-79
2
521
-101
670
704
-375
657
628
523
86
-166
-319
-345
-394
-154
303
403
584
300
750
-307
738
728
11
235
-76
456
-74
736
-310
-61
-404
644
270
698
206
-12
213
32
-291
731
-42
716
479
-4
-240
-20
-402
436
712
780
561
308
366
-229
-259
382
319
-241
-24
441
-210
4
-57
492
-9999999