-326
147
-324
118
133
470
447
599
183
343
155
662
98
-332
89
605
406
734
-61
85
140
-121
743
-66
571
149
763
724
349
631
568
455
-364
676
665
202
5
310
-341
620
-148
247
480
42
7
661
-155
-389
254
217
-211
486
188
624
-382
-43
-29
473
773
752
303
199
65
31
74
-72
665
171
331
757
-351
615
-138
221
749
-39
81
-207
-336
427
102
-115
111
722
601
-179
771
-229
726
743
615
-113
140
773
351
306
-101
-126
-325
662
723
650
135
677
70
83
-164
583
-32
-67
208
502
-90
411
82
-290
664
51
-427
588
-8
620
568
225
591
117
-271
583
83
731
443
5
579
671
-120
-153
-388
149
522
12
174
-412
-288
516
431
226
318
-47
709
323
634
794
142
400
217
-409
609
38
606
-110
-373
-92
327
299
-223
300
238
715
541
-381
-75
-87
-361
69
521
163
387
38
208
-46
453
40
-394
687
-362
-85
711
679
386
175
-232
105
515
187
-398
384
579
-67
297
318
-9999999